0.000000000000000000e+00 0.000000000000000000e+00
5.000000000000000000e+01 -5.731421806133263175e+01
1.000000000000000000e+02 -6.632131573072811648e+01
1.500000000000000000e+02 -7.330924245902737368e+01
2.000000000000000000e+02 -7.922683627913710325e+01
2.500000000000000284e+02 -8.453503922487227840e+01
3.000000000000000568e+02 -8.946268832743817256e+01
3.500000000000000000e+02 -9.412651584906957680e+01
4.000000000000000000e+02 -9.858809775041540036e+01
4.500000000000000568e+02 -1.028814803832010796e+02
5.000000000000000568e+02 -1.070267164492865817e+02
5.500000000000001137e+02 -1.110365975824551583e+02
6.000000000000001137e+02 -1.149200274210631676e+02
6.500000000000000000e+02 -1.187026506152462133e+02
7.000000000000000000e+02 -1.223752387929224739e+02
7.500000000000000000e+02 -1.259367420363003731e+02
8.000000000000000000e+02 -1.293915369390171008e+02
8.500000000000001137e+02 -1.327436633730808637e+02
9.000000000000001137e+02 -1.359968607320824674e+02
9.500000000000001137e+02 -1.391546808666963102e+02
1.000000000000000114e+03 -1.422204757202219696e+02
1.050000000000000227e+03 -1.451974300843781691e+02
1.100000000000000227e+03 -1.480885777065225000e+02
1.150000000000000227e+03 -1.508968139401206940e+02
1.200000000000000227e+03 -1.536249061487563949e+02
1.250000000000000227e+03 -1.562755025624354346e+02
1.300000000000000000e+03 -1.588511400046567985e+02
1.350000000000000000e+03 -1.613542507521145808e+02
1.400000000000000000e+03 -1.637871614459482430e+02
1.450000000000000000e+03 -1.661521281212266672e+02
1.500000000000000000e+03 -1.684512963781084807e+02
1.550000000000000000e+03 -1.706867380822251619e+02
1.600000000000000000e+03 -1.728604421578918107e+02
1.650000000000000227e+03 -1.749743269629235556e+02
1.700000000000000227e+03 -1.770302384167990226e+02
1.750000000000000227e+03 -1.790299589740856732e+02
1.800000000000000227e+03 -1.809751940874911895e+02
1.850000000000000227e+03 -1.828676005377074318e+02
1.900000000000000227e+03 -1.847087721552742323e+02
1.950000000000000227e+03 -1.865002467482417785e+02
2.000000000000000227e+03 -1.882435085591327208e+02
2.050000000000000455e+03 -1.899399905760492118e+02
2.100000000000000455e+03 -1.915910767100551766e+02
2.150000000000000455e+03 -1.931981038495732435e+02
2.200000000000000455e+03 -1.947623638014122776e+02
2.250000000000000455e+03 -1.962851051270535834e+02
2.300000000000000455e+03 -1.977675348819520593e+02
2.350000000000000455e+03 -1.992108202648478539e+02
2.400000000000000455e+03 -2.006160901834240065e+02
2.450000000000000455e+03 -2.019844367420176070e+02
2.500000000000000455e+03 -2.033169166566230786e+02
2.550000000000000000e+03 -2.046145526019143119e+02
2.600000000000000000e+03 -2.058783344946151601e+02
2.650000000000000000e+03 -2.071092207171953987e+02
2.700000000000000000e+03 -2.083081392855082754e+02
2.750000000000000000e+03 -2.094759889637175263e+02
2.800000000000000000e+03 -2.106136403295863886e+02
2.850000000000000000e+03 -2.117219367929644989e+02
2.900000000000000000e+03 -2.128016955700948927e+02
2.950000000000000000e+03 -2.138537086161684897e+02
3.000000000000000000e+03 -2.148787432927796601e+02
3.050000000000000000e+03 -2.158775441379831364e+02
3.100000000000000000e+03 -2.168508322956129462e+02
3.150000000000000000e+03 -2.177993072428542973e+02
3.200000000000000000e+03 -2.187240720947264947e+02
3.250000000000000455e+03 -2.196298203653587677e+02
3.300000000000000455e+03 -2.205127536923890830e+02
3.350000000000000455e+03 -2.213734869424625913e+02
3.400000000000000455e+03 -2.222146742779175668e+02
3.450000000000000455e+03 -2.230374870693309504e+02
3.500000000000000455e+03 -2.238398488672885094e+02
3.550000000000000455e+03 -2.246223017510256454e+02
3.600000000000000455e+03 -2.253853720449777995e+02
3.650000000000000455e+03 -2.261295708331915932e+02
3.700000000000000455e+03 -2.268553944545025161e+02
3.750000000000000455e+03 -2.275633249839490304e+02
3.800000000000000455e+03 -2.282538306737735354e+02
3.850000000000000455e+03 -2.289273664226216454e+02
3.900000000000000455e+03 -2.295843741842357701e+02
3.950000000000000455e+03 -2.302252833825881737e+02
4.000000000000000455e+03 -2.308505113079224600e+02
4.050000000000000455e+03 -2.314604634986261260e+02
4.100000000000000909e+03 -2.320555341095171968e+02
4.150000000000000909e+03 -2.326361062671016953e+02
4.200000000000000909e+03 -2.332025524123298794e+02
4.250000000000000909e+03 -2.337552346313560179e+02
4.300000000000000909e+03 -2.342945049747799828e+02
4.350000000000000909e+03 -2.348207057658294730e+02
4.400000000000000909e+03 -2.353341698979177181e+02
4.450000000000000909e+03 -2.358352211219944934e+02
4.500000000000000909e+03 -2.363241743240861581e+02
4.550000000000000909e+03 -2.368013357934045189e+02
4.600000000000000909e+03 -2.372670034813881443e+02
4.650000000000000909e+03 -2.377214672520216254e+02
4.700000000000000909e+03 -2.381650091237634967e+02
4.750000000000000909e+03 -2.385979035034006870e+02
4.800000000000000909e+03 -2.390204174121331278e+02
4.850000000000000909e+03 -2.394328107041767737e+02
4.900000000000000909e+03 -2.398353358905157791e+02
4.950000000000000909e+03 -2.402282398857475130e+02
5.000000000000000909e+03 -2.406117619049882705e+02
5.050000000000000909e+03 -2.409861351804207459e+02
5.100000000000000000e+03 -2.413515871062307951e+02
5.150000000000000000e+03 -2.417083380720552270e+02
5.200000000000000000e+03 -2.420566036400913674e+02
5.250000000000000000e+03 -2.423965933873063534e+02
5.300000000000000000e+03 -2.427285113967289476e+02
5.350000000000000000e+03 -2.430525564147720559e+02
5.400000000000000000e+03 -2.433689220035712992e+02
5.450000000000000000e+03 -2.436777966885149738e+02
5.500000000000000000e+03 -2.439793641011338821e+02
5.550000000000000000e+03 -2.442738031175136086e+02
5.600000000000000000e+03 -2.445612879923843650e+02
5.650000000000000000e+03 -2.448419884890390392e+02
5.700000000000000000e+03 -2.451160700052220704e+02
5.750000000000000000e+03 -2.453836936951289545e+02
5.800000000000000000e+03 -2.456450165876487119e+02
5.850000000000000000e+03 -2.459001917009772455e+02
5.900000000000000000e+03 -2.461493681537253053e+02
5.950000000000000000e+03 -2.463926912726393823e+02
6.000000000000000000e+03 -2.466303026970499559e+02
6.050000000000000000e+03 -2.468623404801560071e+02
6.100000000000000000e+03 -2.470889391872529757e+02
6.150000000000000000e+03 -2.473102299910049453e+02
6.200000000000000000e+03 -2.475263407638599631e+02
6.250000000000000000e+03 -2.477373961677019452e+02
6.300000000000000000e+03 -2.479435177408317372e+02
6.350000000000000000e+03 -2.481448239737634935e+02
6.400000000000000000e+03 -2.483414304255504135e+02
6.450000000000000000e+03 -2.485334497515834755e+02
6.500000000000000909e+03 -2.487209918152091177e+02
6.550000000000000909e+03 -2.489041637539817771e+02
6.600000000000000909e+03 -2.490830700523499672e+02
6.650000000000000909e+03 -2.492578126122233755e+02
6.700000000000000909e+03 -2.494284908214872303e+02
6.750000000000000909e+03 -2.495952016205347093e+02
6.800000000000000909e+03 -2.497580395668609299e+02
6.850000000000000909e+03 -2.499170968978189649e+02
6.900000000000000909e+03 -2.500724635915554757e+02
6.950000000000000909e+03 -2.502242274262052604e+02
7.000000000000000909e+03 -2.503724740373939710e+02
7.050000000000000909e+03 -2.505172869741037971e+02
7.100000000000000909e+03 -2.506587477529508874e+02
7.150000000000000909e+03 -2.507969359109261234e+02
7.200000000000000909e+03 -2.509319290566455436e+02
7.250000000000000909e+03 -2.510638029201573147e+02
7.300000000000000909e+03 -2.511926314013494164e+02
7.350000000000000909e+03 -2.513184866170019802e+02
7.400000000000000909e+03 -2.514414389465237321e+02
7.450000000000000909e+03 -2.515615570764157383e+02
7.500000000000000909e+03 -2.516789080434989501e+02
7.550000000000000909e+03 -2.517935572769437158e+02
7.600000000000000909e+03 -2.519055686391383801e+02
7.650000000000000909e+03 -2.520150044654313319e+02
7.700000000000000909e+03 -2.521219256027799247e+02
7.750000000000000909e+03 -2.522263914473406032e+02
7.800000000000000909e+03 -2.523284599810307611e+02
7.850000000000000909e+03 -2.524281878070932521e+02
7.900000000000000909e+03 -2.525256301846936822e+02
7.950000000000000909e+03 -2.526208410625787906e+02
8.000000000000000909e+03 -2.527138731118240855e+02
8.050000000000000909e+03 -2.528047777576965984e+02
8.100000000000000909e+03 -2.528936052106613204e+02
8.150000000000000909e+03 -2.529804044965530636e+02
8.200000000000001819e+03 -2.530652234859406633e+02
8.250000000000001819e+03 -2.531481089227067116e+02
8.300000000000001819e+03 -2.532291064518644248e+02
8.350000000000001819e+03 -2.533082606466357447e+02
8.400000000000001819e+03 -2.533856145667310216e+02
8.450000000000001819e+03 -2.534612116585237231e+02
8.500000000000001819e+03 -2.535350929649872569e+02
8.550000000000001819e+03 -2.536072990288901963e+02
8.600000000000001819e+03 -2.536778694462264525e+02
8.650000000000001819e+03 -2.537468428892810266e+02
8.700000000000001819e+03 -2.538142571290930505e+02
8.750000000000001819e+03 -2.538801490573318347e+02
8.800000000000001819e+03 -2.539445551444906073e+02
8.850000000000001819e+03 -2.540075097106370947e+02
8.900000000000001819e+03 -2.540690475743285504e+02
8.950000000000001819e+03 -2.541292023173680548e+02
9.000000000000001819e+03 -2.541880067433431520e+02
9.050000000000001819e+03 -2.542454928963165344e+02
9.100000000000001819e+03 -2.543016920790375082e+02
9.150000000000001819e+03 -2.543566348706866336e+02
9.200000000000001819e+03 -2.544103511441664978e+02
9.250000000000001819e+03 -2.544628700829519516e+02
9.300000000000001819e+03 -2.545142201975106104e+02
9.350000000000001819e+03 -2.545644293413071182e+02
9.400000000000001819e+03 -2.546135247264012662e+02
9.450000000000001819e+03 -2.546615329386517885e+02
9.500000000000001819e+03 -2.547084799525365497e+02
9.550000000000001819e+03 -2.547543911455992713e+02
9.600000000000001819e+03 -2.547992913125335406e+02
9.650000000000001819e+03 -2.548432046789132812e+02
9.700000000000001819e+03 -2.548861549145798051e+02
9.750000000000001819e+03 -2.549281651466945391e+02
9.800000000000001819e+03 -2.549692579724660959e+02
9.850000000000001819e+03 -2.550094554715615232e+02
9.900000000000001819e+03 -2.550487792182086366e+02
9.950000000000001819e+03 -2.550872502929989309e+02
1.000000000000000182e+04 -2.551248892957069074e+02
