5.000000000000000000e+01 -6.944421271974333365e+01
1.000000000000000000e+02 -8.696600127909403000e+01
1.500000000000000000e+02 -1.048789439620977930e+02
2.000000000000000000e+02 -1.214363132203454967e+02
2.500000000000000000e+02 -1.368082366149425582e+02
3.000000000000000000e+02 -1.512183767993214190e+02
3.500000000000000000e+02 -1.648032713603923867e+02
4.000000000000000000e+02 -1.776550629644480352e+02
4.500000000000000000e+02 -1.898416444255307738e+02
5.000000000000000000e+02 -2.014163922785656951e+02
5.500000000000000000e+02 -2.124233248198660817e+02
6.000000000000000000e+02 -2.229000320001919988e+02
6.500000000000000000e+02 -2.328794399261230978e+02
7.000000000000000000e+02 -2.423909294424303198e+02
7.500000000000000000e+02 -2.514610783783350598e+02
8.000000000000000000e+02 -2.601141747970884239e+02
8.500000000000000000e+02 -2.683725854099441221e+02
9.000000000000000000e+02 -2.762570291363068122e+02
9.500000000000000000e+02 -2.837867865381233514e+02
1.000000000000000000e+03 -2.909798646169683138e+02
1.050000000000000000e+03 -2.978531296878406920e+02
1.100000000000000000e+03 -3.044224168411977871e+02
1.150000000000000000e+03 -3.107026218286790140e+02
1.200000000000000000e+03 -3.167077794627268190e+02
1.250000000000000000e+03 -3.224511314568868556e+02
1.300000000000000000e+03 -3.279451858421410861e+02
1.350000000000000000e+03 -3.332017695460154982e+02
1.400000000000000000e+03 -3.382320753341617774e+02
1.450000000000000000e+03 -3.430467040364971467e+02
1.500000000000000000e+03 -3.476557027777235476e+02
1.550000000000000000e+03 -3.520685997824764399e+02
1.600000000000000000e+03 -3.562944362131715366e+02
1.650000000000000000e+03 -3.603417954133364560e+02
1.700000000000000000e+03 -3.642188298635315391e+02
1.750000000000000000e+03 -3.679332861057543482e+02
1.800000000000000000e+03 -3.714925278518109053e+02
1.850000000000000000e+03 -3.749035574588916120e+02
1.900000000000000000e+03 -3.781730359295721655e+02
1.950000000000000000e+03 -3.813073015722590640e+02
2.000000000000000000e+03 -3.843123874406428513e+02
2.050000000000000000e+03 -3.871940376562250776e+02
2.100000000000000000e+03 -3.899577227058344988e+02
2.150000000000000000e+03 -3.926086537957788778e+02
2.200000000000000000e+03 -3.951517963355380516e+02
2.250000000000000000e+03 -3.975918826164041775e+02
2.300000000000000000e+03 -3.999334237440003221e+02
2.350000000000000000e+03 -4.021807208779840153e+02
2.400000000000000000e+03 -4.043378758273222502e+02
2.450000000000000000e+03 -4.064088010452065305e+02
2.500000000000000000e+03 -4.083972290638578784e+02
2.550000000000000000e+03 -4.103067214060863535e+02
2.600000000000000000e+03 -4.121811884809187632e+02
2.650000000000000000e+03 -4.139941902891684435e+02
2.700000000000000000e+03 -4.157367432806167358e+02
2.750000000000000000e+03 -4.174117893469451133e+02
2.800000000000000000e+03 -4.190221414830346589e+02
2.850000000000000000e+03 -4.205704898141039507e+02
2.900000000000000000e+03 -4.220594073142781895e+02
2.950000000000000000e+03 -4.234913552345211087e+02
3.000000000000000000e+03 -4.248686882566289000e+02
3.050000000000000000e+03 -4.261936593888462994e+02
3.100000000000000000e+03 -4.274684246176360034e+02
3.150000000000000000e+03 -4.286950473291695403e+02
3.200000000000000000e+03 -4.298755025132386436e+02
3.250000000000000000e+03 -4.310116807614704726e+02
3.300000000000000000e+03 -4.321053920709867953e+02
3.350000000000000000e+03 -4.331583694639537043e+02
3.400000000000000000e+03 -4.341722724328299137e+02
3.450000000000000000e+03 -4.351486902205261913e+02
3.500000000000000000e+03 -4.360891449441390364e+02
3.550000000000000000e+03 -4.369950945704061951e+02
3.600000000000000000e+03 -4.378679357505582175e+02
3.650000000000000000e+03 -4.387090065217901724e+02
3.700000000000000000e+03 -4.395195888821681365e+02
3.750000000000000000e+03 -4.403009112453935927e+02
3.800000000000000000e+03 -4.410541507814887154e+02
3.850000000000000000e+03 -4.417804356491257636e+02
3.900000000000000000e+03 -4.424808471250069601e+02
3.950000000000000000e+03 -4.431564216354050245e+02
4.000000000000000000e+03 -4.438081526946932627e+02
4.050000000000000000e+03 -4.444369927554349715e+02
4.100000000000000000e+03 -4.450438549743562930e+02
4.150000000000000000e+03 -4.456296148982930276e+02
4.200000000000000000e+03 -4.461951120739889234e+02
4.250000000000000000e+03 -4.467411515854161053e+02
4.300000000000000000e+03 -4.472685055220962340e+02
4.350000000000000000e+03 -4.477779143817219847e+02
4.400000000000000000e+03 -4.482700884102050622e+02
4.450000000000000000e+03 -4.487457088821185494e+02
4.500000000000000000e+03 -4.492054293243476764e+02
4.550000000000000000e+03 -4.496498766856220186e+02
4.600000000000000000e+03 -4.500796524544646786e+02
4.650000000000000000e+03 -4.504953337279681591e+02
4.700000000000000000e+03 -4.508974742336840222e+02
4.750000000000000000e+03 -4.512866053068028123e+02
4.800000000000000000e+03 -4.516632368246872602e+02
4.850000000000000000e+03 -4.520278581007263483e+02
4.900000000000000000e+03 -4.523809387393744146e+02
4.950000000000000000e+03 -4.527229294541547233e+02
5.000000000000000000e+03 -4.530542628503145011e+02
5.050000000000000000e+03 -4.533753541737397086e+02
5.100000000000000000e+03 -4.536866020276601716e+02
5.150000000000000000e+03 -4.539883890585990684e+02
5.200000000000000000e+03 -4.542810826129552311e+02
5.250000000000000000e+03 -4.545650353655356639e+02
5.300000000000000000e+03 -4.548405859212977020e+02
5.350000000000000000e+03 -4.551080593914956012e+02
5.400000000000000000e+03 -4.553677679453741121e+02
5.450000000000000000e+03 -4.556200113384952033e+02
5.500000000000000000e+03 -4.558650774187335060e+02
5.550000000000000000e+03 -4.561032426109280777e+02
5.600000000000000000e+03 -4.563347723811315859e+02
5.650000000000000000e+03 -4.565599216813545240e+02
5.700000000000000000e+03 -4.567789353756601258e+02
5.750000000000000000e+03 -4.569920486484259072e+02
5.800000000000000000e+03 -4.571994873955513299e+02
5.850000000000000000e+03 -4.574014685993533362e+02
5.900000000000000000e+03 -4.575982006878592188e+02
5.950000000000000000e+03 -4.577898838791733738e+02
6.000000000000000000e+03 -4.579767105115630557e+02
6.050000000000000000e+03 -4.581588653598793144e+02
6.100000000000000000e+03 -4.583365259389025255e+02
6.150000000000000000e+03 -4.585098627941726477e+02
6.200000000000000000e+03 -4.586790397808422881e+02
6.250000000000000000e+03 -4.588442143310635970e+02
6.300000000000000000e+03 -4.590055377103996079e+02
6.350000000000000000e+03 -4.591631552637261962e+02
6.400000000000000000e+03 -4.593172066510725813e+02
6.450000000000000000e+03 -4.594678260738266431e+02
6.500000000000000000e+03 -4.596151424917123336e+02
6.550000000000000000e+03 -4.597592798309303248e+02
6.600000000000000000e+03 -4.599003571838335347e+02
6.650000000000000000e+03 -4.600384890004933709e+02
6.700000000000000000e+03 -4.601737852724989466e+02
6.750000000000000000e+03 -4.603063517093129349e+02
6.800000000000000000e+03 -4.604362899074966435e+02
6.850000000000000000e+03 -4.605636975131018289e+02
6.900000000000000000e+03 -4.606886683775138636e+02
6.950000000000000000e+03 -4.608112927070191631e+02
7.000000000000000000e+03 -4.609316572063571016e+02
7.050000000000000000e+03 -4.610498452165059007e+02
7.100000000000000000e+03 -4.611659368469416336e+02
7.150000000000000000e+03 -4.612800091025980009e+02
7.200000000000000000e+03 -4.613921360057457264e+02
7.250000000000000000e+03 -4.615023887130008688e+02
7.300000000000000000e+03 -4.616108356276620270e+02
7.350000000000000000e+03 -4.617175425075686235e+02
7.400000000000000000e+03 -4.618225725686630199e+02
7.450000000000000000e+03 -4.619259865844330193e+02
7.500000000000000000e+03 -4.620278429814023866e+02
7.550000000000000000e+03 -4.621281979308304813e+02
7.600000000000000000e+03 -4.622271054367765828e+02
7.650000000000000000e+03 -4.623246174206745991e+02
7.700000000000000000e+03 -4.624207838025618003e+02
7.750000000000000000e+03 -4.625156525790958426e+02
7.800000000000000000e+03 -4.626092698984908225e+02
7.850000000000000000e+03 -4.627016801324965058e+02
7.900000000000000000e+03 -4.627929259455403894e+02
7.950000000000000000e+03 -4.628830483611463933e+02
8.000000000000000000e+03 -4.629720868257402344e+02
8.050000000000000000e+03 -4.630600792699466410e+02
8.100000000000000000e+03 -4.631470621674784525e+02
8.150000000000000000e+03 -4.632330705917146361e+02
8.200000000000000000e+03 -4.633181382700594781e+02
8.250000000000000000e+03 -4.634022976361724204e+02
8.300000000000000000e+03 -4.634855798801515903e+02
8.350000000000000000e+03 -4.635680149967552097e+02
8.400000000000000000e+03 -4.636496318317372811e+02
8.450000000000000000e+03 -4.637304581263730370e+02
8.500000000000000000e+03 -4.638105205602460615e+02
8.550000000000000000e+03 -4.638898447923662047e+02
8.600000000000000000e+03 -4.639684555006846267e+02
8.650000000000000000e+03 -4.640463764200687820e+02
8.700000000000000000e+03 -4.641236303787988504e+02
8.750000000000000000e+03 -4.642002393336438786e+02
8.800000000000000000e+03 -4.642762244035739059e+02
8.850000000000000000e+03 -4.643516059021610545e+02
8.900000000000000000e+03 -4.644264033687224469e+02
8.950000000000000000e+03 -4.645006355982534387e+02
9.000000000000000000e+03 -4.645743206701991426e+02
9.050000000000000000e+03 -4.646474759761097744e+02
9.100000000000000000e+03 -4.647201182462238762e+02
9.150000000000000000e+03 -4.647922635750211384e+02
9.200000000000000000e+03 -4.648639274457850661e+02
9.250000000000000000e+03 -4.649351247542144847e+02
9.300000000000000000e+03 -4.650058698311215721e+02
9.350000000000000000e+03 -4.650761764642503522e+02
9.400000000000000000e+03 -4.651460579192527689e+02
9.450000000000000000e+03 -4.652155269598518430e+02
9.500000000000000000e+03 -4.652845958672269262e+02
9.550000000000000000e+03 -4.653532764586487360e+02
9.600000000000000000e+03 -4.654215801053945256e+02
9.650000000000000000e+03 -4.654895177499719239e+02
9.700000000000000000e+03 -4.655570999226764570e+02
9.750000000000000000e+03 -4.656243367575108323e+02
9.800000000000000000e+03 -4.656912380074892894e+02
9.850000000000000000e+03 -4.657578130593508376e+02
9.900000000000000000e+03 -4.658240709477056498e+02
9.950000000000000000e+03 -4.658900203686346231e+02
1.000000000000000000e+04 -4.659556696927651842e+02
