0.01798519513814341
0.008818020739246155
0.002704512889852508
0.0013174682589512105
0.0010935958591802087
0.0008210833843906983
0.0006416765050074066
0.0005472186004055644
0.00044715745273664787
0.0004076185752706676
0.0003640495378461787
0.000332989945202154
0.00029511253949067196
0.00024807641500477134
0.00022101906210689217
0.00019349629418563658
0.00018104848408832922
0.00016380722197473495
0.0001416437519643063
0.00012849558478182475
0.00011997234667954401
0.00011123234199534309
9.958770046981086e-05
9.008344607117776e-05
7.645484575643538e-05
7.291280722522768e-05
6.915699992958946e-05
6.436972602931313e-05
5.967401919863277e-05
5.6525533105518164e-05
5.4989883431959285e-05
5.385379764241418e-05
5.157630626071441e-05
5.1076227116563136e-05
4.8381639494668675e-05
4.7354412824157184e-05
4.630102352624636e-05
4.4477860705611e-05
4.3795536012940024e-05
4.08352232012418e-05
3.984433630136923e-05
3.876613657055963e-05
3.759913015110201e-05
3.623076466683401e-05
3.4490069787007645e-05
3.365194797413667e-05
3.287174763433965e-05
3.185025098043883e-05
3.104038839039656e-05
2.9836990027169007e-05
2.892413723672046e-05
2.7641313906073676e-05
2.6952064038626648e-05
2.6168654679838737e-05
2.577064821793057e-05
2.4632428502912353e-05
2.3907280701734812e-05
2.3222664664636862e-05
2.2490618790624894e-05
2.1647985061515018e-05
2.101548149969949e-05
2.0413400652416438e-05
1.9854620261646613e-05
1.9207292980967792e-05
1.8306495939600175e-05
1.7522854336909214e-05
1.7522854336909214e-05
1.732739325016414e-05
1.66878910382656e-05
1.6301851373210902e-05
1.5755272699641213e-05
1.5206136255349397e-05
1.4776371766546855e-05
1.4309724690441094e-05
1.390770274376113e-05
1.3520599940553976e-05
1.3216245146416333e-05
1.2872134365170027e-05
1.2613530662674857e-05
1.228032863638334e-05
1.2038161533026246e-05
1.171585324158731e-05
1.1452084254491145e-05
1.1054011576278137e-05
1.0769248041465107e-05
1.0341975652380766e-05
1.0008213738228349e-05
9.682667034096343e-06
9.386336633062108e-06
9.050155242577407e-06
8.829958279707046e-06
8.650301700264208e-06
8.423278450258372e-06
8.0192957869952e-06
7.868412406822922e-06
7.600229664863111e-06
7.464923412967494e-06
7.314232072667479e-06
7.122956944576724e-06
6.9710650204254755e-06
6.795713909448285e-06