1.0111760797510403
0.41305435057897866
0.10282274579818036
0.03446852701594793
0.010261075700954289
0.005232179955944547
0.002503225020147639
0.0017003044437078013
0.0009978686755952372
0.000621058830913325
0.0004041892574837033
0.00030297889947056164
0.00026212332641811895
0.00021408102438149113
0.0001805249061742295
0.00015595422754254484
0.00014059018482690533
0.00012564942383762743
0.00010558016426033312
9.34472120379374e-05
7.917416598866014e-05
7.526618936675944e-05
6.839643875947211e-05
5.929359544334341e-05
5.5761251265385326e-05
5.117196096682401e-05
4.892002993172374e-05
4.530335627827577e-05
4.356474966740999e-05
4.019299697003527e-05
3.844800649078628e-05
3.6960997300862483e-05
3.4577376706325074e-05
3.2501780278651376e-05
3.0268667463688014e-05
2.9091580217020744e-05
2.7970492775514724e-05
2.5956323585702148e-05
2.4563868015444077e-05
2.296294831014983e-05
2.229722761365448e-05
2.139096491093246e-05
2.0416574423169365e-05
1.9288922393705187e-05
1.849469565306426e-05
1.7608632193477806e-05
1.61113504143256e-05
1.5018260206290284e-05
1.4300819864062508e-05
1.3486574895249816e-05
1.2694938160070218e-05
1.2046758947963521e-05
1.1749990005267929e-05
1.1061828383748127e-05
1.0325667137448629e-05
9.601427989184046e-06
9.048938875106312e-06
8.40705583044638e-06
8.093362215084746e-06
7.626223584665724e-06
7.285781088799241e-06
6.9424000221523305e-06
6.5604025816599715e-06
6.359594163532974e-06
6.00217159681231e-06
5.784004938983405e-06
5.528597667156529e-06
5.1812465292983345e-06
4.832178582755557e-06
4.493472195906867e-06
4.202251912203775e-06
3.9667060348689975e-06
3.8003046952260266e-06
3.6739097654327214e-06
3.5346684557477906e-06
3.296478980334867e-06
3.294072221785791e-06
3.219331580274936e-06
3.13701693148956e-06
3.0019902860599754e-06
2.8570417413547874e-06
2.6661452114765356e-06
2.5416003059099553e-06
2.4455050238085826e-06
2.3693214539120285e-06
2.2978451528683754e-06
2.248611699650772e-06
2.1975359972234064e-06
2.1129260056658326e-06
2.0835692063252257e-06
2.0453404259782766e-06
1.9837184314078995e-06
1.9446161460815798e-06
1.921444573553354e-06
1.8609818969535107e-06
1.8117180589628448e-06
1.7500803240626325e-06
1.6565999171979632e-06
1.5741734669257642e-06
1.53298746945328e-06
1.4661895533458244e-06
1.434778061650442e-06
1.3799459741656869e-06
1.3553605121649161e-06
1.3078049204288905e-06
1.282589344190426e-06
1.258852087088672e-06
1.2327311308942749e-06
1.2021281566871732e-06
1.1763523942968922e-06
1.1482654007505937e-06
1.1237901403310448e-06
1.1055886300564271e-06
1.0805305617767458e-06
1.0588848159166946e-06
1.040529683239566e-06
1.007928872756926e-06
9.815872904917612e-07
9.526784257805009e-07
9.208794065791147e-07
8.788775772257553e-07
8.516322006567364e-07
8.302908817488521e-07
8.187435263245599e-07
8.048382168022184e-07
7.932138854332105e-07
7.846799669540082e-07
7.633929036645592e-07
7.420401575336851e-07
7.219735298787159e-07
7.052740711827791e-07
6.92358983494083e-07
6.790866550275134e-07
6.624453328257394e-07
6.452380751897921e-07
6.314304220004512e-07
6.241044505657715e-07
6.171849291710922e-07
6.113842245142088e-07
6.033719399862118e-07
5.901054137596885e-07
5.77859824677033e-07
5.704218152257642e-07
5.627736567262636e-07
5.48286341466643e-07
5.365118754819082e-07
5.280728710114962e-07
5.112802922692094e-07
5.112802922692094e-07
5.043141199195471e-07
4.959255752080132e-07
4.841191134521786e-07
4.841191134521786e-07
4.841191134521786e-07
4.802113205897047e-07
4.776803667556128e-07
4.653139950896957e-07
4.6068904365210086e-07
4.3847188376892305e-07
4.304465634477778e-07
4.304465634477778e-07
4.2760190174840894e-07
4.170223704008392e-07
4.090804381291219e-07
4.044247123154075e-07
3.9768386644918665e-07
3.8755174770376763e-07
3.820988384501165e-07
3.762675635547445e-07
3.72042830609673e-07
3.6445274117304253e-07
3.562137138190058e-07
3.4902286181626923e-07
3.4417452058764126e-07
3.365298363950632e-07
3.253449260984499e-07
3.1235425571061156e-07
3.0387550243362315e-07
2.9852109321028757e-07
2.941930647164006e-07
2.871931712361777e-07
2.7787873021765877e-07
2.684967586810587e-07
2.607061464721596e-07
2.5391218825392414e-07
2.501011125379708e-07
2.4466518140396226e-07
2.3869123859836363e-07
2.359031617928624e-07
2.31623850918826e-07
2.2554132097702198e-07
2.2080733780642074e-07
2.1735764238261855e-07
2.1432265123775332e-07
2.101878769123138e-07
2.080222571074829e-07
2.0250346293116633e-07
2.0030381970734805e-07
1.9812979612962864e-07
1.9418372516568231e-07
1.8987737280191894e-07