1.0111920989719514
1.0111920989719514
0.41585669432807904
0.07958318418131967
0.043885654764430626
0.02076648620081679
0.013933630415839336
0.012741599527657091
0.012142187936311898
0.01196264215089608
0.01180372914343942
0.011703810744585074
0.011675977434381993
0.011671897013099362
0.011669791101039873
0.01166929612571415
0.011668476601018971
0.011668269824279048
0.011667930540068781
0.011667510770629844
0.011666988939947167
0.011666803288265401
0.011666712843279697
0.011666668680239956
0.011666491555892144
0.01166634630255018
0.011666267381233926
0.011666182823406925
0.011666103882794725
0.011665982618921315
0.011665963420403398
0.011665838896112191
0.01166583767425446
0.01166583140049371
0.01166582825280762
0.01166579932553544
0.011665741841021315
0.011665698618608899
0.011665640674525237
0.011665620344190662
0.011665604682561791
0.011665589049779075
0.011665570113691914
0.01166554862730811
0.011665516119732267
0.011665505313994858
0.011665497592316833
0.011665484154116546
0.01166546702220052
0.011665447186397086
0.01166542214136256
0.011665420926116396
0.011665420598335544
0.011665420457723508
0.011665420384542307
0.011665420112045157
0.01166541767587949
0.011665405559717356
0.011665392425579867
0.011665389961781509
0.011665388759917633
0.011665387441104826
0.011665381508818497
0.011665377411003158
0.011665372834130718
0.011665372834130907
0.011665372834131257
0.011665372834135409
0.011665372834138274
0.011665372834145076
0.01166537283415228
0.011665372834163268
0.01166537283417513
0.011665372834185143
0.011665372834193636
0.01166537283420258
0.011665372834210607
0.011665372834220667
0.011665372834227415
0.011665372834234182
0.011665372834241884
0.011665372834248374
0.011665372834255318
0.011665372834262609
0.011665372834269286
0.011665372834276717
0.011665372834283634
0.011665372834290057
0.011665372834297598
0.011665372834305007
0.011665372834312493
0.011665372834318552
0.01166537283432568
0.011665372834332584
0.011665372834339575
0.011665372834345938
0.011665372834353413
0.011665372834360062
0.01166537283436601
0.011665372834372783
0.011665372834379094
