1.011192
1.011192
0.3873758
0.05349925
0.02592234
0.007118366
0.002408565
0.0009173762
0.0005547819
0.0002902416
0.0001175011
0.00002460702
0.000008758902
0.000004784839
0.000001955417
0.000001420269
0.0000006247202
0.0000005445786
0.0000004052691
0.0000002493267
0.00000007527386
0.00000007527386
0.00000007527386
0.00000005504685
0.00000004463565
0.00000003102128
0.00000002133825
0.00000001465916
0.00000001023956
0.000000007749135
0.000000005351137
0.000000003494933
0.000000002814437
0.000000002134507
0.000000001491906
9.804504E-10
9.59079E-10
7.61418E-10
7.285543E-10
6.543492E-10
5.471012E-10
4.673086E-10
4.228028E-10
3.970675E-10
3.743913E-10
3.531951E-10
3.197019E-10
2.73563E-10
2.580031E-10
2.402836E-10
2.348947E-10
