0.000000000000000000e+00 0.000000000000000000e+00
2.500000000000000000e+02 -3.301268820320350100e-02
5.000000000000000000e+02 -7.222194407239251879e-02
7.499999999999998863e+02 -1.173574767155668719e-01
1.000000000000000000e+03 -1.681748262088414159e-01
1.250000000000000000e+03 -2.244496827802615335e-01
1.500000000000000000e+03 -2.859738497262174217e-01
1.750000000000000227e+03 -3.525519810210921423e-01
2.000000000000000227e+03 -4.239999937531855334e-01
2.250000000000000455e+03 -5.001438904601840374e-01
2.500000000000000455e+03 -5.808174362573813587e-01
2.750000000000000000e+03 -6.658629103689291950e-01
3.000000000000000000e+03 -7.551296892125710647e-01
3.250000000000000455e+03 -8.484731408743380054e-01
3.500000000000000455e+03 -9.457557055341095920e-01
3.750000000000000455e+03 -1.046844519070402102e+00
4.000000000000000455e+03 -1.151613270782484433e+00
4.250000000000000909e+03 -1.259940389767555846e+00
4.500000000000000909e+03 -1.371708676095271029e+00
4.750000000000000909e+03 -1.486805766688295449e+00
5.000000000000000909e+03 -1.605124135803019936e+00
5.250000000000000000e+03 -1.726560055465168109e+00
5.500000000000000000e+03 -1.851013728491102794e+00
5.750000000000000000e+03 -1.978389168342211013e+00
6.000000000000000000e+03 -2.108594079715769176e+00
6.250000000000000000e+03 -2.241539556926231747e+00
6.500000000000000909e+03 -2.377139977159223871e+00
6.750000000000000909e+03 -2.515312841214573769e+00
7.000000000000000909e+03 -2.655978669538452852e+00
7.250000000000000909e+03 -2.799060808549555635e+00
7.500000000000000909e+03 -2.944485212322908385e+00
7.750000000000000909e+03 -3.092181008552716825e+00
8.000000000000000909e+03 -3.242079099504535655e+00
8.250000000000001819e+03 -3.394113152205351369e+00
8.500000000000001819e+03 -3.548219265341488349e+00
8.750000000000001819e+03 -3.704335651051093858e+00
9.000000000000001819e+03 -3.862402059319411496e+00
9.250000000000001819e+03 -4.022361338744415704e+00
9.500000000000001819e+03 -4.184157710816594822e+00
9.750000000000001819e+03 -4.347736608953455040e+00
1.000000000000000182e+04 -4.513047075903060090e+00
1.025000000000000182e+04 -4.680037400438315842e+00
1.050000000000000000e+04 -4.848660462704368790e+00
1.075000000000000000e+04 -5.018868194226353552e+00
1.099999999999999818e+04 -5.190615273966132648e+00
1.124999999999999818e+04 -5.363857048223202639e+00
1.149999999999999636e+04 -5.538551995749651624e+00
1.174999999999999454e+04 -5.714658266068908254e+00
1.199999999999999454e+04 -5.892135817683319843e+00
1.224999999999999272e+04 -6.070946079770132009e+00
1.249999999999999272e+04 -6.251051405275105388e+00
1.274999999999999091e+04 -6.432415040613669532e+00
1.299999999999999091e+04 -6.615002657650626006e+00
1.324999999999998909e+04 -6.798779397906551836e+00
1.349999999999998909e+04 -6.983713677929004326e+00
1.374999999999998727e+04 -7.169770909133589498e+00
1.399999999999998363e+04 -7.356922600349024677e+00
1.424999999999998363e+04 -7.545137440227706271e+00
1.449999999999998181e+04 -7.734386124747863356e+00
1.474999999999998181e+04 -7.924641408742982840e+00
1.499999999999997999e+04 -8.115875389505861293e+00
1.524999999999997999e+04 -8.308061335993420116e+00
1.549999999999997817e+04 -8.501173281664447856e+00
1.574999999999997817e+04 -8.695186503794692712e+00
1.599999999999997635e+04 -8.890076424504325558e+00
1.624999999999997635e+04 -9.085819164493758038e+00
1.649999999999997453e+04 -9.282392565336646584e+00
1.674999999999997453e+04 -9.479773418367006599e+00
1.699999999999997453e+04 -9.677940993748759269e+00
1.724999999999997090e+04 -9.876873710290711372e+00
1.749999999999996726e+04 -1.007655162663884774e+01
1.774999999999996726e+04 -1.027695462729811382e+01
1.799999999999996726e+04 -1.047806334529881589e+01
1.824999999999996726e+04 -1.067985930053761301e+01
1.849999999999996362e+04 -1.088232455431199774e+01
1.874999999999996362e+04 -1.108544162453114978e+01
1.899999999999996362e+04 -1.128919338563189889e+01
1.924999999999995998e+04 -1.149356357183065036e+01
1.949999999999995998e+04 -1.169853568707324598e+01
1.974999999999995998e+04 -1.190409449867059344e+01
1.999999999999995998e+04 -1.211022461607590905e+01
2.024999999999995634e+04 -1.231691106482967513e+01
2.049999999999995634e+04 -1.252413984371899680e+01
2.074999999999995634e+04 -1.273189668399596286e+01
2.099999999999995634e+04 -1.294016801750770362e+01
2.124999999999995271e+04 -1.314894059344594091e+01
2.149999999999995271e+04 -1.335820154760294542e+01
2.174999999999995271e+04 -1.356793836993735347e+01
2.199999999999994907e+04 -1.377813891601472385e+01
2.224999999999994907e+04 -1.398879135930280881e+01
2.249999999999994907e+04 -1.419988414273758437e+01
2.274999999999994907e+04 -1.441140631763947333e+01
2.299999999999994543e+04 -1.462334672035900063e+01
2.324999999999994543e+04 -1.483569486116832081e+01
2.349999999999994543e+04 -1.504844048946178781e+01
2.374999999999994543e+04 -1.526157354489204820e+01
2.399999999999994179e+04 -1.547508431967583142e+01
2.424999999999994179e+04 -1.568896346107942463e+01
2.449999999999994179e+04 -1.590320142092851263e+01
2.474999999999993815e+04 -1.611778932549969667e+01
2.499999999999993815e+04 -1.633271851560895627e+01
2.524999999999993815e+04 -1.654798026145074630e+01
2.549999999999993815e+04 -1.676356662291729904e+01
2.574999999999993452e+04 -1.697946936229920922e+01
2.599999999999993452e+04 -1.719568062799016772e+01
2.624999999999993452e+04 -1.741219278037695872e+01
2.649999999999993088e+04 -1.762899825724928604e+01
2.674999999999993088e+04 -1.784609007452691642e+01
2.699999999999993088e+04 -1.806346105695819659e+01
2.724999999999993088e+04 -1.828110434515649985e+01
2.749999999999992724e+04 -1.849901326107395505e+01
2.774999999999992724e+04 -1.871718125203819838e+01
2.799999999999992724e+04 -1.893560348252890080e+01
2.824999999999992724e+04 -1.915427094180448009e+01
2.849999999999992360e+04 -1.937317899398214394e+01
2.874999999999992360e+04 -1.959232178017316883e+01
2.899999999999992360e+04 -1.981169359460927382e+01
2.924999999999991996e+04 -2.003128887471116215e+01
2.949999999999991996e+04 -2.025110221914671271e+01
2.974999999999991996e+04 -2.047112835589915392e+01
2.999999999999991996e+04 -2.069136214986620104e+01
3.024999999999991633e+04 -2.091179860184017514e+01
3.049999999999991633e+04 -2.113243282857160921e+01
3.074999999999991633e+04 -2.135326010522836881e+01
3.099999999999991633e+04 -2.157427581883399625e+01
3.124999999999991269e+04 -2.179547542506505664e+01
3.149999999999991269e+04 -2.201685455378002843e+01
3.174999999999991269e+04 -2.223841030909263239e+01
3.199999999999990541e+04 -2.246013569885554872e+01
3.224999999999990541e+04 -2.268202810017590565e+01
3.249999999999990541e+04 -2.290408219406542756e+01
3.274999999999990541e+04 -2.312629684567398769e+01
3.299999999999990541e+04 -2.334866693199618837e+01
3.324999999999990541e+04 -2.357118878602063106e+01
3.349999999999990541e+04 -2.379385925407284574e+01
3.374999999999990541e+04 -2.401667399838956385e+01
3.399999999999989814e+04 -2.423962949212151230e+01
3.424999999999989814e+04 -2.446272358022806159e+01
3.449999999999989814e+04 -2.468595244532527033e+01
3.474999999999989814e+04 -2.490931358377843807e+01
3.499999999999989814e+04 -2.513280268163941855e+01
3.524999999999989086e+04 -2.535641734443391826e+01
3.549999999999989086e+04 -2.558015405436168876e+01
3.574999999999989086e+04 -2.580401119199908422e+01
3.599999999999989086e+04 -2.602798535662563140e+01
3.624999999999989086e+04 -2.625207327478069530e+01
3.649999999999989086e+04 -2.647627346913933266e+01
3.674999999999989086e+04 -2.670058215319148687e+01
3.699999999999988358e+04 -2.692499807824885139e+01
3.724999999999988358e+04 -2.714951817041310278e+01
3.749999999999988358e+04 -2.737414004792674049e+01
3.774999999999988358e+04 -2.759886141030730400e+01
3.799999999999988358e+04 -2.782368128945090291e+01
3.824999999999988358e+04 -2.804859330332099887e+01
3.849999999999988358e+04 -2.827359960769909364e+01
3.874999999999988358e+04 -2.849869665035928179e+01
3.899999999999987631e+04 -2.872388238582044551e+01
3.924999999999987631e+04 -2.894915481157555348e+01
3.949999999999987631e+04 -2.917451198088972575e+01
3.974999999999987631e+04 -2.939995080649982384e+01
3.999999999999987631e+04 -2.962547182099500986e+01
4.024999999999987631e+04 -2.985107198811437712e+01
4.049999999999987631e+04 -3.007674956079543804e+01
4.074999999999986903e+04 -3.030250281655615296e+01
4.099999999999986903e+04 -3.052833148655797757e+01
4.124999999999986903e+04 -3.075423104402651830e+01
4.149999999999986903e+04 -3.098020136193431995e+01
4.174999999999986903e+04 -3.120623975922071835e+01
4.199999999999986903e+04 -3.143234696744141488e+01
4.224999999999986903e+04 -3.165852094742904654e+01
4.249999999999986176e+04 -3.188475904569448716e+01
4.274999999999986176e+04 -3.211106047335742630e+01
4.299999999999986176e+04 -3.233742383947343058e+01
4.324999999999986176e+04 -3.256384780053046768e+01
4.349999999999986176e+04 -3.279033182625655485e+01
4.374999999999986176e+04 -3.301687304277341184e+01
4.399999999999986176e+04 -3.324347100104296260e+01
4.424999999999985448e+04 -3.347012447758795162e+01
4.449999999999985448e+04 -3.369683227795978553e+01
4.474999999999985448e+04 -3.392359326499973093e+01
4.499999999999985448e+04 -3.415040534625164526e+01
4.524999999999985448e+04 -3.437726926642831415e+01
4.549999999999985448e+04 -3.460418301875721170e+01
4.574999999999985448e+04 -3.483114554537338847e+01
4.599999999999985448e+04 -3.505815581058409691e+01
4.624999999999984720e+04 -3.528521354699569912e+01
4.649999999999984720e+04 -3.551231520011894816e+01
4.674999999999984720e+04 -3.573946273826823727e+01
4.699999999999984720e+04 -3.596665412329364386e+01
4.724999999999984720e+04 -3.619388844061836608e+01
4.749999999999984720e+04 -3.642116482976368275e+01
4.774999999999984720e+04 -3.664848235430179102e+01
4.799999999999983993e+04 -3.687584102976951073e+01
4.824999999999983993e+04 -3.710323712952266817e+01
4.849999999999983993e+04 -3.733067317274119290e+01
4.874999999999983993e+04 -3.755814709389065342e+01
4.899999999999983993e+04 -3.778565811933110297e+01
4.924999999999983993e+04 -3.801320461553184060e+01
4.949999999999983993e+04 -3.824078761110555291e+01
4.974999999999983265e+04 -3.846840549561614608e+01
4.999999999999983265e+04 -3.869605703837203947e+01
5.024999999999983265e+04 -3.892374239161058824e+01
5.049999999999983265e+04 -3.915146057263083890e+01
5.074999999999983265e+04 -3.937921097483676647e+01
5.099999999999983265e+04 -3.960699299292340214e+01
5.124999999999983265e+04 -3.983480589923669868e+01
5.149999999999983265e+04 -4.006264921583358785e+01
5.174999999999982538e+04 -4.029052333001358477e+01
5.199999999999982538e+04 -4.051842544531044865e+01
5.224999999999982538e+04 -4.074635592827978314e+01
5.249999999999982538e+04 -4.097431449893862521e+01
5.274999999999982538e+04 -4.120230051168553587e+01
5.299999999999982538e+04 -4.143031337747574838e+01
5.324999999999982538e+04 -4.165835281734960915e+01
5.349999999999981083e+04 -4.188641787589369869e+01
5.374999999999981083e+04 -4.211450861827203340e+01
5.399999999999981083e+04 -4.234262405196499657e+01
5.424999999999981083e+04 -4.257076401205342364e+01
5.449999999999981083e+04 -4.279892799854962249e+01
5.474999999999981083e+04 -4.302711548491254234e+01
5.499999999999981083e+04 -4.325532622539165573e+01
5.524999999999980355e+04 -4.348355998953476842e+01
5.549999999999980355e+04 -4.371181563663570557e+01
5.574999999999980355e+04 -4.394009312485777485e+01
5.599999999999980355e+04 -4.416839175028230358e+01
5.624999999999980355e+04 -4.439671173638724611e+01
5.649999999999980355e+04 -4.462505238645882599e+01
5.674999999999980355e+04 -4.485341305720373839e+01
5.699999999999979627e+04 -4.508179340024718584e+01
5.724999999999979627e+04 -4.531019367893240002e+01
5.749999999999979627e+04 -4.553861322433942149e+01
5.774999999999979627e+04 -4.576705166564966021e+01
5.799999999999979627e+04 -4.599550866302314489e+01
5.824999999999979627e+04 -4.622398392560887714e+01
5.849999999999979627e+04 -4.645247706260781229e+01
5.874999999999979627e+04 -4.668098777976732805e+01
5.899999999999978900e+04 -4.690951576032073689e+01
5.924999999999978900e+04 -4.713806071021871702e+01
5.949999999999978900e+04 -4.736662232352206559e+01
5.974999999999978900e+04 -4.759520031451351940e+01
5.999999999999978900e+04 -4.782379481502917429e+01
6.024999999999978900e+04 -4.805240474518187455e+01
6.049999999999978900e+04 -4.828103024934255671e+01
6.074999999999978172e+04 -4.850967105463225693e+01
6.099999999999978172e+04 -4.873832694648812947e+01
6.124999999999978172e+04 -4.896699763163763208e+01
6.149999999999978172e+04 -4.919568322698091833e+01
6.174999999999978172e+04 -4.942438278160145160e+01
6.199999999999978172e+04 -4.965309642580841398e+01
6.224999999999978172e+04 -4.988182416316616496e+01
6.249999999999977445e+04 -5.011056530494535366e+01
6.274999999999977445e+04 -5.033932015452080577e+01
6.299999999999977445e+04 -5.056808798193775800e+01
6.324999999999977445e+04 -5.079686875822973491e+01
6.349999999999977445e+04 -5.102566236128489408e+01
6.374999999999977445e+04 -5.125446849823633499e+01
6.399999999999977445e+04 -5.148328705754107659e+01
6.424999999999976717e+04 -5.171211782775067434e+01
6.449999999999976717e+04 -5.194096062016662785e+01
6.474999999999976717e+04 -5.216981527741368296e+01
6.499999999999976717e+04 -5.239868169933894393e+01
6.524999999999976717e+04 -5.262755953435591039e+01
6.549999999999976717e+04 -5.285644866814178755e+01
6.574999999999976717e+04 -5.308534903540007832e+01
6.599999999999976717e+04 -5.331426039171649478e+01
6.624999999999976717e+04 -5.354318258132791186e+01
6.649999999999976717e+04 -5.377211544746197092e+01
6.674999999999976717e+04 -5.400105875966323765e+01
6.699999999999976717e+04 -5.423001250940905749e+01
6.724999999999976717e+04 -5.445897660271783991e+01
6.749999999999976717e+04 -5.468795066803371441e+01
6.774999999999976717e+04 -5.491693467757814062e+01
6.799999999999975262e+04 -5.514592849266863084e+01
6.824999999999975262e+04 -5.537493187063131472e+01
6.849999999999975262e+04 -5.560394489249142680e+01
6.874999999999975262e+04 -5.583296732712403809e+01
6.899999999999975262e+04 -5.606199904180284221e+01
6.924999999999975262e+04 -5.629103991824833031e+01
6.949999999999975262e+04 -5.652008992152533295e+01
6.974999999999975262e+04 -5.674914875559253602e+01
6.999999999999975262e+04 -5.697821638597294935e+01
7.024999999999975262e+04 -5.720729270961959401e+01
7.049999999999975262e+04 -5.743637760931521541e+01
7.074999999999973807e+04 -5.766547097575737268e+01
7.099999999999973807e+04 -5.789457253802128633e+01
7.124999999999973807e+04 -5.812368251652695506e+01
7.149999999999973807e+04 -5.835280064704255665e+01
7.174999999999973807e+04 -5.858192682560726183e+01
7.199999999999973807e+04 -5.881106096265556715e+01
7.224999999999973807e+04 -5.904020283476579323e+01
7.249999999999973807e+04 -5.926935258423939956e+01
7.274999999999973807e+04 -5.949850999994239231e+01
7.299999999999973807e+04 -5.972767499564857729e+01
7.324999999999973807e+04 -5.995684748275069609e+01
7.349999999999973807e+04 -6.018602736865362601e+01
7.374999999999973807e+04 -6.041521457111117144e+01
7.399999999999973807e+04 -6.064440900788140709e+01
7.424999999999972351e+04 -6.087361059446610767e+01
7.449999999999972351e+04 -6.110281907105535737e+01
7.474999999999972351e+04 -6.133203471299250964e+01
7.499999999999972351e+04 -6.156125711424038371e+01
7.524999999999972351e+04 -6.179048650790188901e+01
7.549999999999972351e+04 -6.201972266479571516e+01
7.574999999999972351e+04 -6.224896551124390953e+01
7.599999999999972351e+04 -6.247821497617746189e+01
7.624999999999972351e+04 -6.270747098953333420e+01
7.649999999999972351e+04 -6.293673338643242232e+01
7.674999999999972351e+04 -6.316600229179639570e+01
7.699999999999972351e+04 -6.339527758511392364e+01
7.724999999999972351e+04 -6.362455910083130561e+01
7.749999999999972351e+04 -6.385384686411821065e+01
7.774999999999972351e+04 -6.408314074989775122e+01
7.799999999999970896e+04 -6.431244074109497433e+01
7.824999999999970896e+04 -6.454174676860581883e+01
7.849999999999970896e+04 -6.477105874682996500e+01
7.874999999999970896e+04 -6.500037662080612222e+01
7.899999999999970896e+04 -6.522970039549670673e+01
7.924999999999970896e+04 -6.545903002409995963e+01
7.949999999999970896e+04 -6.568836545153560280e+01
7.974999999999970896e+04 -6.591770661186717462e+01
7.999999999999970896e+04 -6.614705329719657811e+01
8.024999999999970896e+04 -6.637640588654198837e+01
8.049999999999970896e+04 -6.660576365086245687e+01
8.074999999999970896e+04 -6.683512691590630084e+01
8.099999999999970896e+04 -6.706449562672673892e+01
8.124999999999970896e+04 -6.729386973299831709e+01
8.149999999999970896e+04 -6.752324918558360878e+01
8.174999999999972351e+04 -6.775263393994647743e+01
8.199999999999972351e+04 -6.798202394805652204e+01
8.224999999999973807e+04 -6.821141916753464329e+01
8.249999999999973807e+04 -6.844081955230032577e+01
8.274999999999975262e+04 -6.867022505974222213e+01
8.299999999999975262e+04 -6.889963564575324995e+01
8.324999999999976717e+04 -6.912905126956874824e+01
8.349999999999976717e+04 -6.935847188953366071e+01
8.374999999999978172e+04 -6.958789746239789054e+01
8.399999999999978172e+04 -6.981732794592579694e+01
8.424999999999979627e+04 -7.004676330578996613e+01
8.449999999999979627e+04 -7.027620350350929357e+01
8.474999999999981083e+04 -7.050564849989058303e+01
8.499999999999981083e+04 -7.073509769291520399e+01
8.524999999999982538e+04 -7.096455216821250644e+01
8.549999999999982538e+04 -7.119401133282551086e+01
8.574999999999983993e+04 -7.142347515256098234e+01
8.599999999999983993e+04 -7.165294359327151597e+01
8.624999999999985448e+04 -7.188241661843777308e+01
8.649999999999985448e+04 -7.211189419425164715e+01
8.674999999999986903e+04 -7.234137595262298248e+01
8.699999999999986903e+04 -7.257086252966720963e+01
8.724999999999989814e+04 -7.280035370301901310e+01
8.749999999999989814e+04 -7.302984915551543565e+01
8.774999999999991269e+04 -7.325934899801237066e+01
8.799999999999991269e+04 -7.348885298455162740e+01
8.824999999999992724e+04 -7.371836151176769647e+01
8.849999999999992724e+04 -7.394787433893101536e+01
8.874999999999994179e+04 -7.417739143158627257e+01
8.899999999999994179e+04 -7.440691266893097122e+01
8.924999999999995634e+04 -7.463643822075124490e+01
8.949999999999997090e+04 -7.486596802205139056e+01
8.974999999999997090e+04 -7.509550183078982855e+01
8.999999999999998545e+04 -7.532503991011992639e+01
