0.000000000000000000e+00 0.000000000000000000e+00
5.000000000000000000e+01 -5.909396520852419274e-03
1.000000000000000000e+02 -1.249225899655993961e-02
1.500000000000000000e+02 -1.982327724620303391e-02
2.000000000000000000e+02 -2.798662994613278221e-02
2.500000000000000284e+02 -3.707724613970963395e-02
3.000000000000000568e+02 -4.720219008459878435e-02
3.500000000000000000e+02 -5.848227249946948147e-02
4.000000000000000000e+02 -7.105390344318478213e-02
4.500000000000000568e+02 -8.507123512393607867e-02
5.000000000000000568e+02 -1.007085387316995762e-01
5.500000000000001137e+02 -1.181629781746764141e-01
6.000000000000001137e+02 -1.376577679505142371e-01
6.500000000000000000e+02 -1.594458120846731775e-01
7.000000000000000000e+02 -1.838139310256974579e-01
7.500000000000000000e+02 -2.110875611714980726e-01
8.000000000000000000e+02 -2.416363502624098436e-01
8.500000000000001137e+02 -2.758814882376812716e-01
9.000000000000001137e+02 -3.143042085451697165e-01
9.500000000000001137e+02 -3.574493959623726291e-01
1.000000000000000114e+03 -4.059375166152852654e-01
1.050000000000000227e+03 -4.604822458261133011e-01
1.100000000000000227e+03 -5.218964411178927953e-01
1.150000000000000227e+03 -5.911112755512313299e-01
1.200000000000000227e+03 -6.691899942803992696e-01
1.250000000000000227e+03 -7.573541967129148178e-01
1.300000000000000000e+03 -8.570119631211183808e-01
1.350000000000000000e+03 -9.697746460838155835e-01
1.400000000000000000e+03 -1.097475102089566112e+00
1.450000000000000000e+03 -1.242270244202439811e+00
1.500000000000000000e+03 -1.406606902760255684e+00
1.550000000000000000e+03 -1.593323171778103786e+00
1.600000000000000000e+03 -1.805718085285455299e+00
1.650000000000000227e+03 -2.047532504675676268e+00
1.700000000000000227e+03 -2.323185924479337583e+00
1.750000000000000227e+03 -2.637718728284011771e+00
1.800000000000000227e+03 -2.997030408764088882e+00
1.850000000000000227e+03 -3.407945180417633946e+00
1.900000000000000227e+03 -3.878385177763414848e+00
1.950000000000000227e+03 -4.417537481181981640e+00
2.000000000000000227e+03 -5.036116096941708697e+00
2.050000000000000455e+03 -5.746559170916183845e+00
2.100000000000000455e+03 -6.563409198260124811e+00
2.150000000000000455e+03 -7.503649019447705015e+00
2.200000000000000455e+03 -8.586801853305079391e+00
2.250000000000000455e+03 -9.836268792462906418e+00
2.300000000000000455e+03 -1.127876166648341894e+01
2.350000000000000455e+03 -1.294616918254726023e+01
2.400000000000000455e+03 -1.487481178295142037e+01
2.450000000000000455e+03 -1.710834499894366445e+01
2.500000000000000455e+03 -1.969712526901367156e+01
2.550000000000000000e+03 -2.270060366669640572e+01
2.600000000000000000e+03 -2.618838977544086077e+01
2.650000000000000000e+03 -3.024205406846652622e+01
2.700000000000000000e+03 -3.495755429675946147e+01
2.750000000000000000e+03 -4.044761470348375809e+01
2.800000000000000000e+03 -4.684468962664429625e+01
2.850000000000000000e+03 -5.430466425596921454e+01
2.900000000000000000e+03 -6.301074429411456634e+01
2.950000000000000000e+03 -7.317877228877904372e+01
3.000000000000000000e+03 -8.506318192549289847e+01
3.050000000000000000e+03 -9.896359063445630966e+01
3.100000000000000000e+03 -1.152330846826322670e+02
3.150000000000000000e+03 -1.342879152026131919e+02
3.200000000000000000e+03 -1.566190761477453748e+02
3.250000000000000455e+03 -1.828062753806283638e+02
3.300000000000000455e+03 -2.135335748923524761e+02
3.350000000000000455e+03 -2.496087873131808976e+02
3.400000000000000455e+03 -2.919861732329857205e+02
3.450000000000000455e+03 -3.417939089496013594e+02
3.500000000000000455e+03 -4.003646228128537814e+02
3.550000000000000455e+03 -4.692742075480351218e+02
3.600000000000000455e+03 -5.503867588989959359e+02
3.650000000000000455e+03 -6.459085298127265560e+02
3.700000000000000455e+03 -7.584445073284397267e+02
3.750000000000000455e+03 -8.910798363396260129e+02
3.800000000000000455e+03 -1.047474949550947713e+03
3.850000000000000455e+03 -1.231962423442300860e+03
3.900000000000000455e+03 -1.449678048691916729e+03
3.950000000000000455e+03 -1.706721004965163729e+03
4.000000000000000455e+03 -2.010207607895179763e+03
4.050000000000000455e+03 -2.368729205065653332e+03
4.100000000000000909e+03 -2.792393740336533028e+03
4.150000000000000909e+03 -3.293216518203400483e+03
4.200000000000000909e+03 -3.885403139155795998e+03
4.250000000000000909e+03 -4.585818205356245016e+03
4.300000000000000909e+03 -5.414506240810854251e+03
4.350000000000000909e+03 -6.395194379028422190e+03
4.400000000000000909e+03 -7.556120537896833412e+03
4.450000000000000909e+03 -8.930653996769508012e+03
4.500000000000000909e+03 -1.055877578204961901e+04
4.550000000000000909e+03 -1.248729307693036571e+04
4.600000000000000909e+03 -1.477244679194163655e+04
4.650000000000000909e+03 -1.748092827076900357e+04
4.700000000000000909e+03 -2.069173734075578614e+04
4.750000000000000909e+03 -2.449886222788940358e+04
4.800000000000000909e+03 -2.901398612869034696e+04
4.850000000000000909e+03 -3.436937637345855910e+04
4.900000000000000909e+03 -4.072367014731352538e+04
4.950000000000000909e+03 -4.826389926196071610e+04
5.000000000000000909e+03 -5.721284075634591136e+04
5.050000000000000909e+03 -6.783734937539708335e+04
5.100000000000000000e+03 -8.045060940235469025e+04
5.150000000000000000e+03 -9.543070918292667193e+04
5.200000000000000000e+03 -1.132227675373507227e+05
5.250000000000000000e+03 -1.343546150841028721e+05
5.300000000000000000e+03 -1.594632916454864899e+05
5.350000000000000000e+03 -1.893006898314141145e+05
5.400000000000000000e+03 -2.247618769923772488e+05
5.450000000000000000e+03 -2.669131522999415174e+05
5.500000000000000000e+03 -3.170253557425956824e+05
5.550000000000000000e+03 -3.766113051423074794e+05
5.600000000000000000e+03 -4.474693686005375348e+05
5.650000000000000000e+03 -5.317444330953008030e+05
5.700000000000000000e+03 -6.319978151879155776e+05
5.750000000000000000e+03 -7.512693809684242588e+05
5.800000000000000000e+03 -8.931823635124425637e+05
5.850000000000000000e+03 -1.062054122033943888e+06
5.900000000000000000e+03 -1.263054822718779324e+06
5.950000000000000000e+03 -1.502323056226301705e+06
6.000000000000000000e+03 -1.787162596804145258e+06
6.050000000000000000e+03 -2.126308595386867877e+06
6.100000000000000000e+03 -2.530176421255294699e+06
6.150000000000000000e+03 -3.011160268155111000e+06
6.200000000000000000e+03 -3.584071760118625592e+06
6.250000000000000000e+03 -4.266551548317412846e+06
6.300000000000000000e+03 -5.079675491448030807e+06
6.350000000000000000e+03 -6.048540480078094639e+06
6.400000000000000000e+03 -7.203132149637992494e+06
6.450000000000000000e+03 -8.579226882330711931e+06
6.500000000000000909e+03 -1.021951347471109964e+07
6.550000000000000909e+03 -1.217496759023274109e+07
6.600000000000000909e+03 -1.450633151992711052e+07
6.650000000000000909e+03 -1.728623161572049186e+07
6.700000000000000909e+03 -2.060144001915743947e+07
6.750000000000000909e+03 -2.455537504304247350e+07
6.800000000000000909e+03 -2.927167563703411818e+07
6.850000000000000909e+03 -3.489791995351891220e+07
6.900000000000000909e+03 -4.161061389286253601e+07
6.950000000000000909e+03 -4.962018843423091620e+07
7.000000000000000909e+03 -5.917861177182821184e+07
7.050000000000000909e+03 -7.058646539095187187e+07
7.100000000000000909e+03 -8.420256209647962451e+07
7.150000000000000909e+03 -1.004571727548075616e+08
7.200000000000000909e+03 -1.198629203804534972e+08
7.250000000000000909e+03 -1.430335170633109212e+08
7.300000000000000909e+03 -1.707022798293619752e+08
7.350000000000000909e+03 -2.037460924545153975e+08
7.400000000000000909e+03 -2.432133224620279074e+08
7.450000000000000909e+03 -2.903571039006351233e+08
7.500000000000000909e+03 -3.466773026149778962e+08
7.550000000000000909e+03 -4.139682432078320384e+08
7.600000000000000909e+03 -4.943739747535667419e+08
7.650000000000000909e+03 -5.904594121118317842e+08
7.700000000000000909e+03 -7.052949175010008812e+08
7.750000000000000909e+03 -8.425548775204714537e+08
7.800000000000000909e+03 -1.006631696645125389e+09
7.850000000000000909e+03 -1.202788742246028662e+09
7.900000000000000909e+03 -1.437332748734102726e+09
7.950000000000000909e+03 -1.717784900210984468e+09
8.000000000000000909e+03 -2.053178612454036951e+09
8.050000000000000909e+03 -2.454293974322494507e+09
8.100000000000000909e+03 -2.934084124246390820e+09
8.150000000000000909e+03 -3.508067541903163433e+09
8.200000000000001819e+03 -4.194696018895516872e+09
8.250000000000001819e+03 -5.016225740808119774e+09
8.300000000000001819e+03 -5.999338859206441879e+09
8.350000000000001819e+03 -7.175840926408315659e+09
8.400000000000001819e+03 -8.583922528817038536e+09
8.450000000000001819e+03 -1.026930939331505394e+10
8.500000000000001819e+03 -1.228690537803806305e+10
8.550000000000001819e+03 -1.470230929592664146e+10
8.600000000000001819e+03 -1.759433879982917023e+10
8.650000000000001819e+03 -2.105720750679308701e+10
8.700000000000001819e+03 -2.520409842547993469e+10
8.750000000000001819e+03 -3.017072324828081894e+10
8.800000000000001819e+03 -3.611957214243811035e+10
8.850000000000001819e+03 -4.324552609943241119e+10
8.900000000000001819e+03 -5.178242846142504120e+10
8.950000000000001819e+03 -6.201049979812328339e+10
9.000000000000001819e+03 -7.426586411263252258e+10
9.050000000000001819e+03 -8.895200880492524719e+10
9.100000000000001819e+03 -1.065523028096634369e+11
9.150000000000001819e+03 -1.276468913135968323e+11
9.200000000000001819e+03 -1.529315988541636658e+11
9.250000000000001819e+03 -1.832427301371388855e+11
9.300000000000001819e+03 -2.195811947684957581e+11
9.350000000000001819e+03 -2.631503207273248291e+11
9.400000000000001819e+03 -3.153946908713607178e+11
9.450000000000001819e+03 -3.780475617423606567e+11
9.500000000000001819e+03 -4.531898853317827148e+11
9.550000000000001819e+03 -5.433178235725880127e+11
9.600000000000001819e+03 -6.514292392681402588e+11
9.650000000000001819e+03 -7.811228872808481445e+11
9.700000000000001819e+03 -9.367200038874479980e+11
9.750000000000001819e+03 -1.123403727366365234e+12
9.800000000000001819e+03 -1.347406439981447754e+12
9.850000000000001819e+03 -1.616226595655001465e+12
9.900000000000001819e+03 -1.938828806780357178e+12
9.950000000000001819e+03 -2.326025030505598633e+12
1.000000000000000182e+04 -2.790849926728957031e+12
