0.000000000000000000e+00 0.000000000000000000e+00
1.000000000000000000e+02 -1.333695362749203611e-02
2.000000000000000000e+02 -3.010325287491950538e-02
3.000000000000000000e+02 -5.120176190947265532e-02
4.000000000000000000e+02 -7.780573340064343701e-02
5.000000000000000568e+02 -1.114459798685051989e-01
6.000000000000001137e+02 -1.541296759641495595e-01
7.000000000000000000e+02 -2.084996932896806543e-01
8.000000000000000000e+02 -2.780491896899631166e-01
9.000000000000001137e+02 -3.674374960045648231e-01
1.000000000000000114e+03 -4.828994154185185517e-01
1.100000000000000227e+03 -6.328205280536954858e-01
1.200000000000000227e+03 -8.285655711755197661e-01
1.300000000000000000e+03 -1.085583279738152829e+00
1.400000000000000000e+03 -1.425019757459296210e+00
1.500000000000000000e+03 -1.876037294809208333e+00
1.600000000000000000e+03 -2.478903757355601201e+00
1.700000000000000227e+03 -3.289599007001977160e+00
1.800000000000000227e+03 -4.386385179739883178e+00
1.900000000000000227e+03 -5.878820636408182310e+00
2.000000000000000227e+03 -7.920869087397468533e+00
2.100000000000000455e+03 -1.073173163548754161e+01
2.200000000000000455e+03 -1.462055121709229333e+01
2.300000000000000455e+03 -2.002769837190098201e+01
2.400000000000000455e+03 -2.758196722739305073e+01
2.500000000000000455e+03 -3.818345500455357211e+01
2.600000000000000000e+03 -5.312384710085155604e+01
2.700000000000000000e+03 -7.426049910605306081e+01
2.800000000000000000e+03 -1.042692945668056694e+02
2.900000000000000000e+03 -1.470176085724594941e+02
3.000000000000000000e+03 -2.080979586476390466e+02
3.100000000000000000e+03 -2.956119583654613621e+02
3.200000000000000000e+03 -4.213237819406030553e+02
3.300000000000000455e+03 -6.023620850173167582e+02
3.400000000000000455e+03 -8.635412702698043859e+02
3.500000000000000455e+03 -1.241161906215021872e+03
3.600000000000000455e+03 -1.788136974345449516e+03
3.700000000000000455e+03 -2.581779706028834426e+03
3.800000000000000455e+03 -3.735081703140595437e+03
3.900000000000000455e+03 -5.413347520109845391e+03
4.000000000000000455e+03 -7.858842235301181972e+03
4.100000000000000909e+03 -1.142697523409361020e+04
4.200000000000000909e+03 -1.663898615303224506e+04
4.300000000000000909e+03 -2.426032997920057096e+04
4.400000000000000909e+03 -3.541843870268305182e+04
4.500000000000000909e+03 -5.177026636418366252e+04
4.600000000000000909e+03 -7.575149275292785023e+04
4.700000000000000909e+03 -1.109642501327441278e+05
4.800000000000000909e+03 -1.627037767964101804e+05
4.900000000000000909e+03 -2.387970884976432717e+05
5.000000000000000909e+03 -3.508003447509625694e+05
5.100000000000000000e+03 -5.157923413959012250e+05
5.200000000000000000e+03 -7.590371492116810987e+05
5.300000000000000000e+03 -1.117913436005211435e+06
5.400000000000000000e+03 -1.647789464728875319e+06
5.500000000000000000e+03 -2.430755613772884011e+06
5.600000000000000000e+03 -3.588447027000326198e+06
5.700000000000000000e+03 -5.301552722409939393e+06
5.800000000000000000e+03 -7.838212556461781263e+06
5.900000000000000000e+03 -1.159690400976786204e+07
6.000000000000000000e+03 -1.717016744248859957e+07
6.100000000000000000e+03 -2.543957475083788857e+07
6.200000000000000000e+03 -3.771787368530962616e+07
6.300000000000000000e+03 -5.595869838075260073e+07
6.400000000000000000e+03 -8.307991962901026011e+07
6.500000000000000909e+03 -1.234277908312095851e+08
6.600000000000000909e+03 -1.834869345845320225e+08
6.700000000000000909e+03 -2.729433514667288065e+08
6.800000000000000909e+03 -4.062829184459186196e+08
6.900000000000000909e+03 -6.051392038373545408e+08
7.000000000000000909e+03 -9.018985930036890507e+08
7.100000000000000909e+03 -1.345020284555178642e+09
7.200000000000000909e+03 -2.007073274826452494e+09
7.300000000000000909e+03 -2.996846905872963428e+09
7.400000000000000909e+03 -4.477324306852910042e+09
7.500000000000000909e+03 -6.693026298528673172e+09
7.600000000000000909e+03 -1.001105240027314949e+10
7.700000000000000909e+03 -1.498323159656870079e+10
7.800000000000000909e+03 -2.243870887987667465e+10
7.900000000000000909e+03 -3.362232756091735077e+10
8.000000000000000909e+03 -5.040411294843435669e+10
8.100000000000000909e+03 -7.560940823367051697e+10
8.200000000000001819e+03 -1.134805366417064209e+11
8.300000000000001819e+03 -1.703951299099842529e+11
8.400000000000001819e+03 -2.560035565156004333e+11
8.500000000000001819e+03 -3.848321809677899780e+11
8.600000000000001819e+03 -5.787843848249902344e+11
8.700000000000001819e+03 -8.709211008165794678e+11
8.800000000000001819e+03 -1.311157002970608398e+12
8.900000000000001819e+03 -1.974907851946996094e+12
9.000000000000001819e+03 -2.976114508373138672e+12
9.100000000000001819e+03 -4.487062143443266602e+12
9.200000000000001819e+03 -6.768180431518836914e+12
9.300000000000001819e+03 -1.021371875003301367e+13
9.400000000000001819e+03 -1.542029473387936523e+13
9.500000000000001819e+03 -2.329042968461791016e+13
9.600000000000001819e+03 -3.519480258595183594e+13
9.700000000000001819e+03 -5.320568517898890625e+13
9.800000000000001819e+03 -8.046670235257962500e+13
9.900000000000001819e+03 -1.217462814221637188e+14
1.000000000000000182e+04 -1.842761325566225938e+14
1.010000000000000182e+04 -2.790323536684177500e+14
1.020000000000000000e+04 -4.226839752941151875e+14
1.030000000000000000e+04 -6.405299475743061250e+14
1.040000000000000000e+04 -9.710119922117981250e+14
1.050000000000000000e+04 -1.472563586025759500e+15
1.060000000000000000e+04 -2.233963869732841000e+15
1.070000000000000000e+04 -3.390232956024309000e+15
1.080000000000000000e+04 -5.146736461098588000e+15
1.090000000000000000e+04 -7.815962844458763000e+15
1.100000000000000000e+04 -1.187349951253744800e+16
1.110000000000000000e+04 -1.804306042091200800e+16
1.120000000000000000e+04 -2.742754634847484800e+16
1.130000000000000000e+04 -4.170497528916657600e+16
1.140000000000000000e+04 -6.343434404481465600e+16
1.150000000000000000e+04 -9.651384093550816000e+16
1.160000000000000000e+04 -1.468872571274703680e+17
1.170000000000000000e+04 -2.236184244476870720e+17
1.180000000000000000e+04 -3.405237760538260480e+17
1.190000000000000000e+04 -5.186775297692584320e+17
1.200000000000000000e+04 -7.902432326890522880e+17
1.210000000000000000e+04 -1.204315872297875712e+18
1.220000000000000000e+04 -1.835909861686753024e+18
1.230000000000000000e+04 -2.799420446907673088e+18
1.240000000000000000e+04 -4.269593696682488320e+18
1.250000000000000000e+04 -6.513191823923479552e+18
1.260000000000000000e+04 -9.938009718500192256e+18
1.270000000000000000e+04 -1.516727208581997568e+19
1.280000000000000000e+04 -2.315357925209629082e+19
1.290000000000000000e+04 -3.535303010408666726e+19
1.300000000000000182e+04 -5.399041026212596941e+19
1.310000000000000182e+04 -8.247154439417564365e+19
1.320000000000000182e+04 -1.260011643266362245e+20
1.330000000000000182e+04 -1.925451249139026821e+20
1.340000000000000182e+04 -2.942889032309393981e+20
1.350000000000000182e+04 -4.498785544995070280e+20
1.360000000000000182e+04 -6.878499914643163054e+20
1.370000000000000182e+04 -1.051895279406394900e+21
1.380000000000000182e+04 -1.608892123184014819e+21
1.390000000000000182e+04 -2.461265426829309116e+21
1.400000000000000182e+04 -3.765798787819609522e+21
1.410000000000000182e+04 -5.762689354809226559e+21
1.420000000000000182e+04 -8.819950141842963562e+21
1.430000000000000182e+04 -1.350115620692931327e+22
1.440000000000000182e+04 -2.066974700710684053e+22
1.450000000000000182e+04 -3.164948636813796311e+22
1.460000000000000182e+04 -4.847052708299323474e+22
1.470000000000000182e+04 -7.424192548637642221e+22
1.480000000000000182e+04 -1.137298149042000274e+23
1.490000000000000182e+04 -1.742502275387479399e+23
1.500000000000000182e+04 -2.670073786178558472e+23
1.510000000000000182e+04 -4.091867648313163430e+23
1.520000000000000182e+04 -6.271662672037345965e+23
1.530000000000000182e+04 -9.613755546300573465e+23
1.540000000000000182e+04 -1.473829466450046692e+24
1.550000000000000182e+04 -2.259756764535154241e+24
1.560000000000000182e+04 -3.465191473568056770e+24
1.570000000000000182e+04 -5.314483823104673704e+24
1.580000000000000182e+04 -8.151225243276893862e+24
1.590000000000000182e+04 -1.250384405804255811e+25
1.600000000000000182e+04 -1.918265729750247905e+25
1.610000000000000182e+04 -2.943135296274313497e+25
1.620000000000000182e+04 -4.516307809512292970e+25
1.630000000000000182e+04 -6.931139392559862739e+25
1.640000000000000364e+04 -1.063818224718733145e+26
1.650000000000000364e+04 -1.632844220105683751e+26
1.660000000000000364e+04 -2.506444578910875118e+26
1.670000000000000364e+04 -3.847866043664772330e+26
1.680000000000000364e+04 -5.907686196665011568e+26
1.690000000000000364e+04 -9.070610654971160893e+26
1.700000000000000364e+04 -1.392740811115032598e+27
1.710000000000000364e+04 -2.138874152589066619e+27
1.720000000000000364e+04 -3.284968962480165377e+27
1.730000000000000364e+04 -5.045581005110232044e+27
1.740000000000000364e+04 -7.750412641847765107e+27
1.750000000000000364e+04 -1.190635009632622346e+28
1.760000000000000364e+04 -1.829212936945987845e+28
1.770000000000000364e+04 -2.810551334700795700e+28
1.780000000000000364e+04 -4.318714543333508853e+28
1.790000000000000364e+04 -6.636692999127751680e+28
1.800000000000000364e+04 -1.019988892831503658e+29
1.810000000000000364e+04 -1.567762410845013953e+29
1.820000000000000364e+04 -2.409833869061803620e+29
1.830000000000000364e+04 -3.704366926915861029e+29
1.840000000000000364e+04 -5.694790117503088640e+29
1.850000000000000364e+04 -8.755083956342701973e+29
1.860000000000000364e+04 -1.346057056175709377e+30
1.870000000000000364e+04 -2.069582760159248915e+30
1.880000000000000364e+04 -3.182212573898353392e+30
1.890000000000000364e+04 -4.893293536442441669e+30
1.900000000000000364e+04 -7.524964774325211666e+30
1.910000000000000364e+04 -1.157270955429647524e+31
1.920000000000000364e+04 -1.779785554985523044e+31
1.930000000000000364e+04 -2.737528629709537597e+31
1.940000000000000364e+04 -4.210893847368784319e+31
1.950000000000000364e+04 -6.477692236994188234e+31
1.960000000000000364e+04 -9.965787892114731102e+31
1.970000000000000364e+04 -1.533253839470218494e+32
1.980000000000000364e+04 -2.358972261614240367e+32
1.990000000000000364e+04 -3.629425631222247134e+32
2.000000000000000364e+04 -5.584401217298147345e+32
2.010000000000000364e+04 -8.592967715155137722e+32
2.020000000000000364e+04 -1.322341601753789227e+33
2.030000000000000364e+04 -2.035030222356177281e+33
2.040000000000000000e+04 -3.132053617516590537e+33
2.050000000000000000e+04 -4.820793837559885663e+33
2.059999999999999636e+04 -7.420352778337825147e+33
2.069999999999999272e+04 -1.142170182651678051e+34
2.079999999999999272e+04 -1.758193833239196461e+34
2.089999999999998909e+04 -2.706593034373654696e+34
2.099999999999998909e+04 -4.166757656034837461e+34
2.109999999999998545e+04 -6.414593326428478597e+34
2.119999999999998545e+04 -9.876186387720298459e+34
2.129999999999998181e+04 -1.520696614926653413e+35
2.139999999999997817e+04 -2.341517578769271487e+35
2.149999999999997817e+04 -3.605605141951244418e+35
2.159999999999997453e+04 -5.552219218445234540e+35
2.169999999999997453e+04 -8.550191352703588742e+35
2.179999999999996726e+04 -1.316718169252578080e+36
2.189999999999996726e+04 -2.027990189296484541e+36
2.199999999999996362e+04 -3.123413840410101310e+36
2.209999999999995998e+04 -4.810313440690286586e+36
2.219999999999995998e+04 -7.408710064352953107e+36
2.229999999999995634e+04 -1.141147138388377584e+37
2.239999999999995634e+04 -1.757909312162605011e+37
2.249999999999995271e+04 -2.708192449111778106e+37
2.259999999999994907e+04 -4.171984916289475598e+37
2.269999999999994907e+04 -6.427055597613179482e+37
2.279999999999994543e+04 -9.901833655744416213e+37
2.289999999999994543e+04 -1.525565195153720713e+38
2.299999999999994179e+04 -2.350536057864755671e+38
2.309999999999994179e+04 -3.621650262246582281e+38
2.319999999999993815e+04 -5.580296030001457815e+38
2.329999999999993452e+04 -8.598086794523266464e+38
2.339999999999993452e+04 -1.324862608796473233e+39
2.349999999999993088e+04 -2.041586331800202430e+39
2.359999999999993088e+04 -3.146080855979824657e+39
2.369999999999992724e+04 -4.848285044479184668e+39
2.379999999999992724e+04 -7.471169953559131838e+39
2.389999999999992360e+04 -1.151332057404296015e+40
2.399999999999991996e+04 -1.774493707407780335e+40
2.409999999999991996e+04 -2.735203843212221926e+40
2.419999999999991633e+04 -4.216648943420482925e+40
2.429999999999991633e+04 -6.499197780307314750e+40
2.439999999999991269e+04 -1.001778265081538076e+41
2.449999999999991269e+04 -1.544526247163159961e+41
2.459999999999990541e+04 -2.381173692711153739e+41
2.469999999999990177e+04 -3.670587723296886419e+41
2.479999999999990177e+04 -5.657926960114135229e+41
2.489999999999989814e+04 -8.722879814734871249e+41
2.499999999999989814e+04 -1.344825308523649685e+42
2.509999999999989450e+04 -2.073469071654226147e+42
2.519999999999989450e+04 -3.196835193254663684e+42
2.529999999999989086e+04 -4.929060149328473456e+42
2.539999999999988722e+04 -7.600311067219785652e+42
2.549999999999988722e+04 -1.172002951908384661e+43
2.559999999999988358e+04 -1.807371577490499098e+43
2.569999999999988358e+04 -2.787256687361119875e+43
2.579999999999987995e+04 -4.298577762520340629e+43
2.589999999999987631e+04 -6.629413383915097259e+43
2.599999999999987631e+04 -1.022382615489310696e+44
2.609999999999987267e+04 -1.576771935718998570e+44
2.619999999999987267e+04 -2.431928066850617505e+44
2.629999999999986903e+04 -3.750727861549911627e+44
2.639999999999986903e+04 -5.784805066637000047e+44
2.649999999999986539e+04 -8.922279232954592874e+44
2.659999999999986176e+04 -1.376450843561867208e+45
2.669999999999986176e+04 -2.123490206059720815e+45
2.679999999999985812e+04 -3.275426459887926737e+45
2.689999999999985812e+04 -5.052559708867471581e+45
2.699999999999985448e+04 -7.794403858766985963e+45
2.709999999999985448e+04 -1.202263960442751655e+46
2.719999999999985084e+04 -1.854722303037856180e+46
2.729999999999984357e+04 -2.862298523866648247e+46
2.739999999999984357e+04 -4.416923541130207427e+46
2.749999999999983993e+04 -6.814771639215464248e+46
2.759999999999983993e+04 -1.051523936244571578e+47
2.769999999999983629e+04 -1.622374771471556627e+47
2.779999999999983629e+04 -2.503165946762710943e+47
2.789999999999983265e+04 -3.862357899017332932e+47
2.799999999999982901e+04 -5.962030051198163426e+47
2.809999999999982901e+04 -9.203156475645275198e+47
2.819999999999982538e+04 -1.420242674801734730e+48
2.829999999999982538e+04 -2.191603656031116643e+48
2.839999999999982174e+04 -3.381957601981243074e+48
2.849999999999982174e+04 -5.219537555444150243e+48
2.859999999999981810e+04 -8.055877433880271727e+48
2.869999999999981446e+04 -1.243410782523098496e+49
2.879999999999981446e+04 -1.919227176393249653e+49
2.889999999999981083e+04 -2.962301898242490537e+49
2.899999999999981083e+04 -4.572212393605706062e+49
2.909999999999980719e+04 -7.057394269120930138e+49
2.919999999999980355e+04 -1.089481515380796892e+50
2.929999999999980355e+04 -1.682154446038523761e+50
2.939999999999979991e+04 -2.597105840182993647e+50
2.949999999999979991e+04 -4.009773551208217322e+50
2.959999999999979627e+04 -6.190772425827804128e+50
2.969999999999979627e+04 -9.557720471323776853e+50
2.979999999999979264e+04 -1.475637769549310330e+51
2.989999999999978900e+04 -2.278392982028780041e+51
2.999999999999978900e+04 -3.518031097544818145e+51
